11111000000000000000000000000000
00111000000000000000000000000000
11000000000000000000000000000000
10100000000000011111111111000000
11000000000000000000000000000000
01000000100000000000000000000000
01101000100000011111111111000000
11000000000000000000000000000000
10100000000000011111111111000000
10110000000000011111111111000000
11011000000000000000000000000000
10000000000000000000000000000000
00111000000000000000000000000000
11000000000000000000000000000000
10100000000000011111111111000000
10110000000000011111111111000000
11000000000000000000000000000000
10100000000000011111111111000000
11000000000000000000000000000000
10100000000000011111111111000000
00101000010000000000000000000000
11000000000000000000000000000000
10100000000000011111111111000000
00100000110000000000000000000000
11000000000000000000000000000000
10100000000000011111111111000000
00001001000000000000000000000000
10110000000000011111111111000000
11100000000000000000000000000000
10110000000000011111111111000000
10110000000000011111111111000000
11011000000000000000000000000000
00111000000000000000000000000000
11011000000000000000000000000000
00111000000000000000000000000000
10001000000000000000000000000000
10110000000000011111111111000000
11000000000000000000000000000000
10101000000000011111111111000000
10001000000000000000000000000000
10110000000000011111111111000000
11000000000000000000000000000000
10101000000000011111111111000000
11000000000000000000000000000000
10100000000000011111111111000000
10110000000000011111111111000000
11000000000000000000000000000000
10100000000000011111111111000000
10110000000000011111111111000000
11100000000000000000000000000000
10110000000000011111111111000000
10110000000000011111111111000000
10010000000000000000000000000000
10011000000000000000000000000000
