11111000000000000000000000000000
00111000000000000000000000000000
11000000000000000000000000000000
10100000000000001100101010010000
11000000000000000000000000000000
10101000000000001100101010010000
11000000000000000000000000000000
10100000000000001100101010010000
11000000000000000000000000000000
00000000100000010000000000000000
10100000000000001100101010010000
11000000000000000000000000000000
10101000000000001100101010010000
11000000000000000000000000000000
10100000000000001100101010010000
11000000000000000000000000000000
00000000100000010000000000000000
11000000000000000000000000000000
10101000000000001100101010010000
00111000000000000000000000000000
11000000000000000000000000000000
10100000000000001100101010010000
11000000000000000000000000000000
10100000000000001100101010010000
01110000100000010000000000000000
01101000110000001100101010010000
11000000000000000000000000000000
10100000000000001100101010010000
11000000000000000000000000000000
00000000010000010000000000000000
10100000000000001100101010010000
11000000000000000000000000000000
10100000000000001100101010010000
01110000110000010000000000000000
01101001000000001100101010010000
11000000000000000000000000000000
10100000000000001100101010010000
11000000000000000000000000000000
00000001010000010000000000000000
10100000000000001100101010010000
11000000000000000000000000000000
10101000000000001100101010010000
11000000000000000000000000000000
10100000000000001100101010010000
11000000000000000000000000000000
10101000000000001100101010010000
00111000000000000000000000000000
11000000000000000000000000000000
10100000000000001100101010010000
11000000000000000000000000000000
00000010010000010000000000000000
11000000000000000000000000000000
10101000000000001100101010010000
10000000000000000000000000000000
00111000000000000000000000000000
11000000000000000000000000000000
10100000000000001100101010010000
10110000000000001100101010010000
11011000000000000000000000000000
11011000000000000000000000000000
00111000000000000000000000000000
11000000000000000000000000000000
10100000000000001100101010010000
11000000000000000000000000000000
10101000000000001100101010010000
00111000000000000000000000000000
11000000000000000000000000000000
10100000000000001100101010010000
11000000000000000000000000000000
00001011100000010000000000000000
11000000000000000000000000000000
10100000000000001100101010010000
01110011110000010000000000000000
01101001110000001100101010010000
11000000000000000000000000000000
10100000000000001100101010010000
10110000000000001100101010010000
11000000000000000000000000000000
10100000000000001100101010010000
10110000000000001100101010010000
11000000000000000000000000000000
10100000000000001100101010010000
10110000000000001100101010010000
11100000000000000000000000000000
10110000000000001100101010010000
11000000000000000000000000000000
10101000000000001100101010010000
11000000000000000000000000000000
10100000000000001100101010010000
11000000000000000000000000000000
00000101100000010000000000000000
10100000000000001100101010010000
11000000000000000000000000000000
10101000000000001100101010010000
11000000000000000000000000000000
10100000000000001100101010010000
11000000000000000000000000000000
00000110000000010000000000000000
10100000000000001100101010010000
11000000000000000000000000000000
10100000000000001100101010010000
11000000000000000000000000000000
00000110100000010000000000000000
10101000000000001100101010010000
11000000000000000000000000000000
10100000000000001100101010010000
11000000000000000000000000000000
10100000000000001100101010010000
11000000000000000000000000000000
00000111000000010000000000000000
10101000000000001100101010010000
11000000000000000000000000000000
10100000000000001100101010010000
11000000000000000000000000000000
00000111100000010000000000000000
11000000000000000000000000000000
10101000000000001100101010010000
10000000000000000000000000000000
00111000000000000000000000000000
11011000000000000000000000000000
00111000000000000000000000000000
11000000000000000000000000000000
11000000000000000000000000000000
10101000000000001100101010010000
00111000000000000000000000000000
11000000000000000000000000000000
10100000000000001100101010010000
11000000000000000000000000000000
01110000100000010000000000000000
01101010100000101100101010010000
10001000000000000000000000000000
10110000000000001100101010010000
11000000000000000000000000000000
10100000000000001100101010010000
11000000000000000000000000000000
00000001010000010000000000000000
10101000000000101100101010010000
11000000000000000000000000000000
10100000000000001100101010010000
11000000000000000000000000000000
00000001110000010000000000000000
11000000000000000000000000000001
10101000000000001100101010010000
10000000000000000000000000000000
00111000000000000000000000000000
11000000000000000000000000000000
10100000000000001100101010010000
10110000000000001100101010010000
11000000000000000000000000000000
10110000000000001100101010010000
11000000000000000000000000000000
10110000000000001100101010010000
11100000000000000000000000000000
11000000000000000000000000000000
11000000000000000000000000000000
10101000000000001100101010010000
00111000000000000000000000000000
11000000000000000000000000000000
10100000000000001100101010010000
11000000000000000000000000000000
01110011100000010000000000000000
01101011000000101100101010010000
11000000000000000000000000000000
10100000000000001100101010010000
11000000000000000000000000000000
00000100000000010000000000000000
10100000000000101100101010010000
10110000000000001100101010010000
10010000000000000000000000000000
11000000000000000000000000000000
10100000000000001100101010010000
11000000000000000000000000000000
00000100110000010000000000000000
11000000000000000000000000000001
10101000000000001100101010010000
10000000000000000000000000000000
00111000000000000000000000000000
10011000000000000000000000000000
