11111000000000000000000000000000
00111000000000000000000000000000
11000000000000000000000000000000
10100000000000010110011111110000
11000000000000000000000000000000
01000000100000010000000000000000
01101000100000010110011111110000
11000000000000000000000000000000
10100000000000010110011111110000
10110000000000010110011111110000
11011000000000000000000000000000
10000000000000000000000000000000
00111000000000000000000000000000
11000000000000000000000000000000
10100000000000010110011111110000
10110000000000010110011111110000
11000000000000000000000000000000
10100000000000010110011111110000
11000000000000000000000000000000
10100000000000010110011111110000
00101000010000010000000000000000
11000000000000000000000000000000
10100000000000010110011111110000
00100000110000010000000000000000
11000000000000000000000000000000
10100000000000010110011111110000
00001001000000010000000000000000
10110000000000010110011111110000
11100000000000000000000000000000
10110000000000010110011111110000
10110000000000010110011111110000
11011000000000000000000000000000
00111000000000000000000000000000
11011000000000000000000000000000
00111000000000000000000000000000
10001000000000000000000000000000
10110000000000010110011111110000
11000000000000000000000000000000
10101000000000010110011111110000
10001000000000000000000000000000
10110000000000010110011111110000
11000000000000000000000000000000
10101000000000010110011111110000
11000000000000000000000000000000
10100000000000010110011111110000
10110000000000010110011111110000
11000000000000000000000000000000
10100000000000010110011111110000
10110000000000010110011111110000
11100000000000000000000000000000
10110000000000010110011111110000
10110000000000010110011111110000
10010000000000000000000000000000
10011000000000000000000000000000
